SquareShadow 1450 120 1649 -90   0   0   0   0   0 100

Table 	      375   0 1575   0   0   0 300 150 150 150
SquareShadow  305   1 1575   0   0   0   0   0   0 140
SquareShadow  445   1 1575   0   0   0   0   0   0 140

chair 	      375  75 1500   0 180   0 100 100 100 150
SquareShadow  375   1 1500   0   0   0   0   0   0 100

torch 	      175 200 1600   0 -90   0   0   0   0  25
fireModel     178 207 1600 -18 -90   0   0   0   0  10

bed 	     1500  60  375   0   0   0 250 100 500 150
SquareShadow 1500   1  300   0   0   0   0   0   0 250
SquareShadow 1500   1  450   0   0   0   0   0   0 250

BookShelf01   151 150  310   0 -90   0 200 150 100 200
Books00       180  20  310 180  90   0   0   0   0 200
Books00       180  70  310   0 -90   0   0   0   0 200
Books00       180 130  310 180  90   0   0   0   0 200
Books00       180 190  310   0 -90   0   0   0   0 200
Books00       180 250  310 180  90   0   0   0   0 200

BookShelf01   151 150  510   0 -90   0 200 150 100 200
Books00       180  20  510   0 -90   0   0   0   0 200
Books00       180  70  510 180  90   0   0   0   0 200
Books00       180 130  510   0 -90   0   0   0   0 200
Books00       180 190  510 180  90   0   0   0   0 200
Books00       180 250  510   0 -90   0   0   0   0 200

BookShelf01   151 150  710   0 -90   0 200 150 100 200
Books00       180  20  710 180  90   0   0   0   0 200
Books00       180  70  710   0 -90   0   0   0   0 200
Books00       180 130  710 180  90   0   0   0   0 200
Books00       180 190  710   0 -90   0   0   0   0 200
Books00       180 250  710 180  90   0   0   0   0 200

BookShelf01   151 150  910   0 -90   0 200 150 100 200
Books00       180  20  910   0 -90   0   0   0   0 200
Books00       180  70  910 180  90   0   0   0   0 200
Books00       180 130  910   0 -90   0   0   0   0 200
Books00       180 190  910 180  90   0   0   0   0 200
Books00       180 250  910   0 -90   0   0   0   0 200

BookShelf01   300 150  151   0 180   0 200 150 100 200
Books00       300  20  180   0 180   0   0   0   0 200
Books00       300  70  180   0 180 180   0   0   0 200
Books00       300 130  180   0 180   0   0   0   0 200
Books00       300 190  180   0 180 180   0   0   0 200
Books00       300 250  180   0 180   0   0   0   0 200

BookShelf01   500 150  151   0 180   0 200 150 100 200
Books00       500  20  180   0 180   0   0   0   0 200
Books00       500  70  180   0 180 180   0   0   0 200
Books00       500 130  180   0 180   0   0   0   0 200
Books00       500 190  180   0 180 180   0   0   0 200
Books00       500 250  180   0 180   0   0   0   0 200

BookShelf01   700 150  151   0 180   0 200 150 100 200
Books00       700  20  180   0 180   0   0   0   0 200
Books00       700  70  180   0 180 180   0   0   0 200
Books00       700 130  180   0 180   0   0   0   0 200
Books00       700 190  180   0 180 180   0   0   0 200
Books00       700 250  180   0 180   0   0   0   0 200

toilet 	     1600   0  975   0  90   0  50 100  50  50
SquareShadow 1600   1  975   0   0   0   0   0   0  70

torch 	     1300 200 1625   0   0   0   0   0   0  25
fireModel    1300 207 1622 -18   0   0   0   0   0  10

BloodFloor    900   1  900   0   0   0   0   0   0   0

torch 	      625 200 2550   0 -90   0   0   0   0  25
fireModel     628 207 2550   0   0 -18   0   0   0  10

torch 	     2325 200 2425   0 180   0   0   0   0  25
fireModel    2325 207 2428 -18 180   0   0   0   0  10

torch 	     4275 200 2425   0 180   0   0   0   0  25
fireModel    4275 207 2428 -18 180   0   0   0   0  10

bed 	     5700  60 1700   0   0   0 250 100 500 150
SquareShadow 5700   1 1625   0   0   0   0   0   0 250
SquareShadow 5700   1 1775   0   0   0   0   0   0 250

Table 	     6075   0 1575   0 180   0 300 150 150 150
SquareShadow 6005   1 1575   0   0   0   0   0   0 140
SquareShadow 6145   1 1575   0   0   0   0   0   0 140

chair 	     6475  40 1625  90  70   0 100 100 100 150
SquareShadow 6440   1 1615   0  70   0   0   0   0  75
SquareShadow 6510   1 1640   0  70   0   0   0   0  75

BookShelf01  6600 150 1501   0 180   0 200 150 100 200
Books00      6600  20 1530   0 180   0   0   0   0 200
Books00      6600  70 1530   0 180 180   0   0   0 200
Books00      6600 130 1530   0 180   0   0   0   0 200
Books00      6600 190 1530   0 180 180   0   0   0 200
Books00      6600 250 1530   0 180   0   0   0   0 200

BookShelf01  6800 150 1501   0 180   0 200 150 100 200
Books00      6800  20 1530   0 180   0   0   0   0 200
Books00      6800  70 1530   0 180 180   0   0   0 200
Books00      6800 130 1530   0 180   0   0   0   0 200
Books00      6800 190 1530   0 180 180   0   0   0 200
Books00      6800 250 1530   0 180   0   0   0   0 200

BookShelf01  6750 150 2999   0   0   0 200 150 100 200
Books00      6750  20 2970   0   0   0   0   0   0 200
Books00      6750  70 2970   0   0 180   0   0   0 200
Books00      6750 130 2970   0   0   0   0   0   0 200
Books00      6750 190 2970   0   0 180   0   0   0 200
Books00      6750 250 2970   0   0   0   0   0   0 200

BookShelf01  6950 150 2999   0   0   0 200 150 100 200
Books00      6950  20 2970   0   0   0   0   0   0 200
Books00      6950  70 2970   0   0 180   0   0   0 200
Books00      6950 130 2970   0   0   0   0   0   0 200
Books00      6950 190 2970   0   0 180   0   0   0 200
Books00      6950 250 2970   0   0   0   0   0   0 200

BookShelf01  7049 150 2500   0  90   0 200 150 100 200
Books00      7020  20 2500 180 -90   0   0   0   0 200
Books00      7020  70 2500   0 -90 180   0   0   0 200
Books00      7020 130 2500 180 -90   0   0   0   0 200
Books00      7020 190 2500   0 -90 180   0   0   0 200
Books00      7020 250 2500 180 -90   0   0   0   0 200

bed 	     13550  60  275   0  90   0 250 100 500 150
SquareShadow 13475   1  275   0   0   0   0   0   0 250
SquareShadow 13625   1  275   0   0   0   0   0   0 250

bed 	     13500  60 1425   0   0   0 250 100 500 150
SquareShadow 13500   1 1350   0   0   0   0   0   0 250
SquareShadow 13500   1 1500   0   0   0   0   0   0 250

Table 	     14725   0 1575   0 180   0 300 150 150 150
SquareShadow 14800   1 1575   0   0   0   0   0   0 140
SquareShadow 14675   1 1575   0   0   0   0   0   0 140

chair 	     14725  75 1500   0 180   0 100 100 100 150
SquareShadow 14725   1 1500   0   0   0   0   0   0  75

BookShelf01  14500 155 1649   0   0   0 200 150 100 200
Books00      14500  30 1630   0   0   0   0   0   0 200
Books00      14500  80 1630   0   0 180   0   0   0 200
Books00      14500 140 1630   0   0   0   0   0   0 200
Books00      14500 200 1630   0   0 180   0   0   0 200
Books00      14500 260 1630   0   0   0   0   0   0 200

Table 	     14275   0 1575   0 180   0 300 150 150 150
SquareShadow 14300   1 1575   0   0   0   0   0   0 140
SquareShadow 14200   1 1575   0   0   0   0   0   0 140

chair 	     14275  75 1500   0 180   0 100 100 100 150
SquareShadow 14275   1 1500   0   0   0   0   0   0  75

bed 	     10325  60 3200   0   0   0 250 100 500 150
SquareShadow 10325   1 3125   0   0   0   0   0   0 250
SquareShadow 10325   1 3275   0   0   0   0   0   0 250

bed 	     11525  60 3200   0   0   0 250 100 500 150
SquareShadow 11525   1 3125   0   0   0   0   0   0 250
SquareShadow 11525   1 3275   0   0   0   0   0   0 250

Table 	     11625   0 3900   0  90   0 300 150 150 150
SquareShadow 11625   1 3830   0   0   0   0   0   0 140
SquareShadow 11625   1 3970   0   0   0   0   0   0 140

chair 	     11550  75 3900   0 -90   0 100 100 100 150
SquareShadow 11550   1 3900   0   0   0   0   0   0  75

Table 	     11625   0 4300   0  90   0 300 150 150 150
SquareShadow 11625   1 4230   0   0   0   0   0   0 140
SquareShadow 11625   1 4370   0   0   0   0   0   0 140

chair 	     11550  75 4300   0 -90   0 100 100 100 150
SquareShadow 11550   1 4300   0   0   0   0   0   0  75

toilet 	     10250   0 4250   0 -90   0  50 100  50  50
SquareShadow 10250   1 4250   0   0   0   0   0   0  70

toilet 	     10400   0 4450   0   0   0  50 100  50  50
SquareShadow 10400   1 4450   0   0   0   0   0   0  70

bed 	     7350  60 7800   0   0   0 250 100 500 150
SquareShadow 7350   1 7725   0   0   0   0   0   0 250
SquareShadow 7350   1 7875   0   0   0   0   0   0 250

toilet 	     7450   0 7300   0  90   0  50 100  50  50
SquareShadow 7450   1 7300   0   0   0   0   0   0  70

BookShelf01  7350 155 8549   0   0   0 200 150 100 200
Books00      7350  30 8520   0   0   0   0   0   0 200
Books00      7350  80 8520   0   0 180   0   0   0 200
Books00      7350 140 8520   0   0   0   0   0   0 200
Books00      7350 200 8520   0   0 180   0   0   0 200
Books00      7350 260 8520   0   0   0   0   0   0 200

BookShelf01  7499 155 8300   0  90   0 200 150 100 200
Books00      7470  30 8300   0  90   0   0   0   0 200
Books00      7470  80 8300 180 -90   0   0   0   0 200
Books00      7470 140 8300   0  90   0   0   0   0 200
Books00      7470 200 8300 180 -90   0   0   0   0 200
Books00      7470 260 8300   0  90   0   0   0   0 200

Table 	     6075   0 8300   0 -90   0 300 150 150 150
SquareShadow 6075   1 8240   0   0   0   0   0   0 140
SquareShadow 6075   1 8360   0   0   0   0   0   0 140

chair 	     6150  75 8300   0  90   0 100 100 100 150
SquareShadow 6150   1 8300   0   0   0   0   0   0  75


BookShelf01  12850 155 6301   0 180   0 200 150 100 200
Books00      12850  30 6330   0 180   0   0   0   0 200
Books00      12850  80 6330   0 180 180   0   0   0 200
Books00      12850 140 6330   0 180   0   0   0   0 200
Books00      12850 200 6330   0 180 180   0   0   0 200
Books00      12850 260 6330   0 180   0   0   0   0 200

BookShelf01  13050 155 6301   0 180   0 200 150 100 200
Books00      13050  30 6330   0 180   0   0   0   0 200
Books00      13050  80 6330   0 180 180   0   0   0 200
Books00      13050 140 6330   0 180   0   0   0   0 200
Books00      13050 200 6330   0 180 180   0   0   0 200
Books00      13050 260 6330   0 180   0   0   0   0 200

BookShelf01  13250 155 6301   0 180   0 200 150 100 200
Books00      13250  30 6330   0 180   0   0   0   0 200
Books00      13250  80 6330   0 180 180   0   0   0 200
Books00      13250 140 6330   0 180   0   0   0   0 200
Books00      13250 200 6330   0 180 180   0   0   0 200
Books00      13250 260 6330   0 180   0   0   0   0 200

BookShelf01  12850 155 6760   0   0   0 200 150 100 200
Books00      12850  30 6730   0   0   0   0   0   0 200
Books00      12850  80 6730   0   0 180   0   0   0 200
Books00      12850 140 6730   0   0   0   0   0   0 200
Books00      12850 200 6730   0   0 180   0   0   0 200
Books00      12850 260 6730   0   0   0   0   0   0 200

BookShelf01  13050 155 6760   0   0   0 200 150 100 200
Books00      13050  30 6730   0   0   0   0   0   0 200
Books00      13050  80 6730   0   0 180   0   0   0 200
Books00      13050 140 6730   0   0   0   0   0   0 200
Books00      13050 200 6730   0   0 180   0   0   0 200
Books00      13050 260 6730   0   0   0   0   0   0 200

BookShelf01  13250 155 6760   0   0   0 200 150 100 200
Books00      13250  30 6730   0   0   0   0   0   0 200
Books00      13250  80 6730   0   0 180   0   0   0 200
Books00      13250 140 6730   0   0   0   0   0   0 200
Books00      13250 200 6730   0   0 180   0   0   0 200
Books00      13250 260 6730   0   0   0   0   0   0 200


BookShelf01  12850 155 6760   0 180   0 200 150 100 200
Books00      12850  30 6790   0 180   0   0   0   0 200
Books00      12850  80 6790   0 180 180   0   0   0 200
Books00      12850 140 6790   0 180   0   0   0   0 200
Books00      12850 200 6790   0 180 180   0   0   0 200
Books00      12850 260 6790   0 180   0   0   0   0 200

BookShelf01  13050 155 6760   0 180   0 200 150 100 200
Books00      13050  30 6790   0 180   0   0   0   0 200
Books00      13050  80 6790   0 180 180   0   0   0 200
Books00      13050 140 6790   0 180   0   0   0   0 200
Books00      13050 200 6790   0 180 180   0   0   0 200
Books00      13050 260 6790   0 180   0   0   0   0 200

BookShelf01  13250 155 6760   0 180   0 200 150 100 200
Books00      13250  30 6790   0 180   0   0   0   0 200
Books00      13250  80 6790   0 180 180   0   0   0 200
Books00      13250 140 6790   0 180   0   0   0   0 200
Books00      13250 200 6790   0 180 180   0   0   0 200
Books00      13250 260 6790   0 180   0   0   0   0 200

BookShelf01  12850 155 7240   0   0   0 200 150 100 200
Books00      12850  30 7210   0   0   0   0   0   0 200
Books00      12850  80 7210   0   0 180   0   0   0 200
Books00      12850 140 7210   0   0   0   0   0   0 200
Books00      12850 200 7210   0   0 180   0   0   0 200
Books00      12850 260 7210   0   0   0   0   0   0 200

BookShelf01  13050 155 7240   0   0   0 200 150 100 200
Books00      13050  30 7210   0   0   0   0   0   0 200
Books00      13050  80 7210   0   0 180   0   0   0 200
Books00      13050 140 7210   0   0   0   0   0   0 200
Books00      13050 200 7210   0   0 180   0   0   0 200
Books00      13050 260 7210   0   0   0   0   0   0 200

BookShelf01  13250 155 7240   0   0   0 200 150 100 200
Books00      13250  30 7210   0   0   0   0   0   0 200
Books00      13250  80 7210   0   0 180   0   0   0 200
Books00      13250 140 7210   0   0   0   0   0   0 200
Books00      13250 200 7210   0   0 180   0   0   0 200
Books00      13250 260 7210   0   0   0   0   0   0 200


BookShelf01  12850 155 7240   0 180   0 200 150 100 200
Books00      12850  30 7270   0 180   0   0   0   0 200
Books00      12850  80 7270   0 180 180   0   0   0 200
Books00      12850 140 7270   0 180   0   0   0   0 200
Books00      12850 200 7270   0 180 180   0   0   0 200
Books00      12850 260 7270   0 180   0   0   0   0 200

BookShelf01  13050 155 7240   0 180   0 200 150 100 200
Books00      13050  30 7270   0 180   0   0   0   0 200
Books00      13050  80 7270   0 180 180   0   0   0 200
Books00      13050 140 7270   0 180   0   0   0   0 200
Books00      13050 200 7270   0 180 180   0   0   0 200
Books00      13050 260 7270   0 180   0   0   0   0 200

BookShelf01  13250 155 7240   0 180   0 200 150 100 200
Books00      13250  30 7270   0 180   0   0   0   0 200
Books00      13250  80 7270   0 180 180   0   0   0 200
Books00      13250 140 7270   0 180   0   0   0   0 200
Books00      13250 200 7270   0 180 180   0   0   0 200
Books00      13250 260 7270   0 180   0   0   0   0 200

BookShelf01  12850 155 7800   0   0   0 200 150 100 200
Books00      12850  30 7770   0   0   0   0   0   0 200
Books00      12850  80 7770   0   0 180   0   0   0 200
Books00      12850 140 7770   0   0   0   0   0   0 200
Books00      12850 200 7770   0   0 180   0   0   0 200
Books00      12850 260 7770   0   0   0   0   0   0 200

BookShelf01  13050 155 7800   0   0   0 200 150 100 200
Books00      13050  30 7770   0   0   0   0   0   0 200
Books00      13050  80 7770   0   0 180   0   0   0 200
Books00      13050 140 7770   0   0   0   0   0   0 200
Books00      13050 200 7770   0   0 180   0   0   0 200
Books00      13050 260 7770   0   0   0   0   0   0 200

BookShelf01  13250 155 7800   0   0   0 200 150 100 200
Books00      13250  30 7770   0   0   0   0   0   0 200
Books00      13250  80 7770   0   0 180   0   0   0 200
Books00      13250 140 7770   0   0   0   0   0   0 200
Books00      13250 200 7770   0   0 180   0   0   0 200
Books00      13250 260 7770   0   0   0   0   0   0 200


bed 	     2550  60 10150   0   0   0 250 100 500 150
SquareShadow 2550   1 10075   0   0   0   0   0   0 250
SquareShadow 2550   1 10225   0   0   0   0   0   0 250

bed 	     3475  60 10150   0   0   0 250 100 500 150
SquareShadow 3475   1 10075   0   0   0   0   0   0 250
SquareShadow 3475   1 10225   0   0   0   0   0   0 250

bed 	     3725  60 10150   0   0   0 250 100 500 150
SquareShadow 3725   1 10075   0   0   0   0   0   0 250
SquareShadow 3725   1 10225   0   0   0   0   0   0 250

toilet 	     3850   0 9000   0  90   0  50 100  50  50
SquareShadow 3850   1 9000   0   0   0   0   0   0  70

toilet 	     3850   0 9150   0  90   0  50 100  50  50
SquareShadow 3850   1 9150   0   0   0   0   0   0  70

toilet 	     3850   0 9300   0  90   0  50 100  50  50
SquareShadow 3850   1 9300   0   0   0   0   0   0  70

BookShelf01  2550 155 8851   0 180   0 200 150 100 200
Books00      2550  30 8880   0 180   0   0   0   0 200
Books00      2550  80 8880   0 180 180   0   0   0 200
Books00      2550 140 8880   0 180   0   0   0   0 200
Books00      2550 200 8880   0 180 180   0   0   0 200
Books00      2550 260 8880   0 180   0   0   0   0 200

BookShelf01  2750 155 8851   0 180   0 200 150 100 200
Books00      2750  30 8880   0 180   0   0   0   0 200
Books00      2750  80 8880   0 180 180   0   0   0 200
Books00      2750 140 8880   0 180   0   0   0   0 200
Books00      2750 200 8880   0 180 180   0   0   0 200
Books00      2750 260 8880   0 180   0   0   0   0 200

BookShelf01  2401 155 9050   0 -90   0 200 150 100 200
Books00      2430  30 9050   0 -90   0   0   0   0 200
Books00      2430  80 9050 180  90   0   0   0   0 200
Books00      2430 140 9050   0 -90   0   0   0   0 200
Books00      2430 200 9050 180  90   0   0   0   0 200
Books00      2430 260 9050   0 -90   0   0   0   0 200

BookShelf01  2401 155 9250   0 -90   0 200 150 100 200
Books00      2430  30 9250   0 -90   0   0   0   0 200
Books00      2430  80 9250 180  90   0   0   0   0 200
Books00      2430 140 9250   0 -90   0   0   0   0 200
Books00      2430 200 9250 180  90   0   0   0   0 200
Books00      2430 260 9250   0 -90   0   0   0   0 200


bed 	     4650  60 13150   0   0   0 250 100 500 150
SquareShadow 4650   1 13075   0   0   0   0   0   0 250
SquareShadow 4650   1 13225   0   0   0   0   0   0 250

Table 	     4900   0 13300   0   0   0 300 150 150 150
SquareShadow 4830   1 13300   0   0   0   0   0   0 140
SquareShadow 4970   1 13300   0   0   0   0   0   0 140

bed 	     5150  60 13150   0   0   0 250 100 500 150
SquareShadow 5150   1 13075   0   0   0   0   0   0 250
SquareShadow 5150   1 13225   0   0   0   0   0   0 250

Table 	     5400   0 13300   0   0   0 300 150 150 150
SquareShadow 5330   1 13300   0   0   0   0   0   0 140
SquareShadow 5470   1 13300   0   0   0   0   0   0 140

bed 	     5650  60 13150   0   0   0 250 100 500 150
SquareShadow 5650   1 13075   0   0   0   0   0   0 250
SquareShadow 5650   1 13225   0   0   0   0   0   0 250

Table 	     5900   0 13300   0   0   0 300 150 150 150
SquareShadow 5830   1 13300   0   0   0   0   0   0 140
SquareShadow 5970   1 13300   0   0   0   0   0   0 140


Table 	     14800   0 13800   0  90   0 300 150 150 150
SquareShadow 14800   1 13730   0   0   0   0   0   0 140
SquareShadow 14800   1 13870   0   0   0   0   0   0 140

chair 	     14725  75 13800   0 -90   0 100 100 100 150
SquareShadow 14725   1 13800   0   0   0   0   0   0  75

toilet 	     13600   0 14800   0   0   0  50 100  50  50
SquareShadow 13600   1 14800   0   0   0   0   0   0  70

BookShelf01  13351 155 13500   0   -90   0 200 150 100 200
Books00      13380  30 13500   0   -90   0   0   0   0 200
Books00      13380  80 13500 180    90   0   0   0   0 200
Books00      13380 140 13500   0   -90   0   0   0   0 200
Books00      13380 200 13500 180    90   0   0   0   0 200
Books00      13380 260 13500   0   -90   0   0   0   0 200

BookShelf01  13351 155 13700   0   -90   0 200 150 100 200
Books00      13380  30 13700   0   -90   0   0   0   0 200
Books00      13380  80 13700 180    90   0   0   0   0 200
Books00      13380 140 13700   0   -90   0   0   0   0 200
Books00      13380 200 13700 180    90   0   0   0   0 200
Books00      13380 260 13700   0   -90   0   0   0   0 200

BookShelf01  13500 155 13351   0   180   0 200 150 100 200
Books00      13500  30 13380   0   180   0   0   0   0 200
Books00      13500  80 13380   0   180 180   0   0   0 200
Books00      13500 140 13380   0   180   0   0   0   0 200
Books00      13500 200 13380   0   180 180   0   0   0 200
Books00      13500 260 13380   0   180   0   0   0   0 200

BookShelf01  14100 155 13351   0   180   0 200 150 100 200
Books00      14100  30 13380   0   180   0   0   0   0 200
Books00      14100  80 13380   0   180 180   0   0   0 200
Books00      14100 140 13380   0   180   0   0   0   0 200
Books00      14100 200 13380   0   180 180   0   0   0 200
Books00      14100 260 13380   0   180   0   0   0   0 200

BookShelf01  14300 155 13351   0   180   0 200 150 100 200
Books00      14300  30 13380   0   180   0   0   0   0 200
Books00      14300  80 13380   0   180 180   0   0   0 200
Books00      14300 140 13380   0   180   0   0   0   0 200
Books00      14300 200 13380   0   180 180   0   0   0 200
Books00      14300 260 13380   0   180   0   0   0   0 200

BookShelf01  14500 155 13351   0   180   0 200 150 100 200
Books00      14500  30 13380   0   180   0   0   0   0 200
Books00      14500  80 13380   0   180 180   0   0   0 200
Books00      14500 140 13380   0   180   0   0   0   0 200
Books00      14500 200 13380   0   180 180   0   0   0 200
Books00      14500 260 13380   0   180   0   0   0   0 200

BookShelf01  14700 155 13351   0   180   0 200 150 100 200
Books00      14700  30 13380   0   180   0   0   0   0 200
Books00      14700  80 13380   0   180 180   0   0   0 200
Books00      14700 140 13380   0   180   0   0   0   0 200
Books00      14700 200 13380   0   180 180   0   0   0 200
Books00      14700 260 13380   0   180   0   0   0   0 200
end
